<!DOCTYPE HTML>
<html>
  <head>
    <meta charset="UTF-8">
    <title>TOMTOM</title>
    <script>
      // @JSON_VAR data
      var data = {
        "program": "Tomtom",
        "version": "4.11.1",
        "release": "Fri Jan 15 12:51:59 2016 -0800",
        "cmd": [
          "tomtom", "-no-ssc", "-oc",
          "./FLANK5_LENMIN30_LENMAX1000_CAT_GAP20_1000+500x1500_0.25x0.5_10x20.tomtom",
          "-verbosity", "2", "-min-overlap", "5", "-dist", "pearson",
          "-evalue", "-thresh", "0.01",
          "FLANK5_LENMIN30_LENMAX1000_CAT_GAP20_1000+500x1500_0.25x0.5_10x20.meme",
          "/home/yili/Programs/MEME/meme_4.11.1/db/jolma2013.meme",
          "/home/yili/Programs/MEME/meme_4.11.1/db/JASPAR_CORE_2016_vertebrates.meme",
          "/home/yili/Programs/MEME/meme_4.11.1/db/uniprobe_mouse.meme",
          "/home/yili/Programs/MEME/meme_4.11.1/db/Ray2013_rbp_Homo_sapiens.dna_encoded.meme",
          "/home/yili/Programs/MEME/meme_4.11.1/db/Homo_sapiens.dna_encoded.meme"
        ],
        "options": {
          "strands": "both",
          "distance_measure": "pearson",
          "threshold_type": "evalue",
          "threshold_value": 0.01,
          "background_source": "first_target"
        },
        "alphabet": {
          "name": "DNA",
          "like": "dna",
          "ncore": 4,
          "symbols": [
            {
              "symbol": "A",
              "name": "Adenine",
              "colour": "CC0000",
              "complement": "T"
            }, {
              "symbol": "C",
              "name": "Cytosine",
              "colour": "0000CC",
              "complement": "G"
            }, {
              "symbol": "G",
              "name": "Guanine",
              "colour": "FFB300",
              "complement": "C"
            }, {
              "symbol": "T",
              "aliases": "U",
              "name": "Thymine",
              "colour": "008000",
              "complement": "A"
            }, {
              "symbol": "N",
              "aliases": "X.",
              "name": "Any base",
              "equals": "ACGT"
            }, {
              "symbol": "V",
              "name": "Not T",
              "equals": "ACG"
            }, {
              "symbol": "H",
              "name": "Not G",
              "equals": "ACT"
            }, {
              "symbol": "D",
              "name": "Not C",
              "equals": "AGT"
            }, {
              "symbol": "B",
              "name": "Not A",
              "equals": "CGT"
            }, {
              "symbol": "M",
              "name": "Amino",
              "equals": "AC"
            }, {
              "symbol": "R",
              "name": "Purine",
              "equals": "AG"
            }, {
              "symbol": "W",
              "name": "Weak",
              "equals": "AT"
            }, {
              "symbol": "S",
              "name": "Strong",
              "equals": "CG"
            }, {
              "symbol": "Y",
              "name": "Pyrimidine",
              "equals": "CT"
            }, {
              "symbol": "K",
              "name": "Keto",
              "equals": "GT"
            }
          ]
        },
        "background": [0.25, 0.25, 0.25, 0.25],
        "query_dbs": [
          {
            "source": "FLANK5_LENMIN30_LENMAX1000_CAT_GAP20_1000+500x1500_0.25x0.5_10x20.meme",
            "name": "FLANK5 LENMIN30 LENMAX1000 CAT GAP20 1000+500x1500 0.25x0.5 10x20",
            "loaded": 1500,
            "excluded": 0,
            "last_modified": "Wed Jul  6 09:59:46 2016"
          }
        ],
        "target_dbs": [
          {
            "source": "/home/yili/Programs/MEME/meme_4.11.1/db/jolma2013.meme",
            "name": "jolma2013",
            "loaded": 843,
            "excluded": 0,
            "last_modified": "Mon Dec  7 16:08:34 2015"
          }, {
            "source": "/home/yili/Programs/MEME/meme_4.11.1/db/JASPAR_CORE_2016_vertebrates.meme",
            "name": "JASPAR CORE 2016 vertebrates",
            "loaded": 519,
            "excluded": 0,
            "last_modified": "Mon Dec  7 16:08:44 2015"
          }, {
            "source": "/home/yili/Programs/MEME/meme_4.11.1/db/uniprobe_mouse.meme",
            "name": "uniprobe mouse",
            "loaded": 386,
            "excluded": 0,
            "last_modified": "Mon Dec  7 16:14:23 2015"
          }, {
            "source": "/home/yili/Programs/MEME/meme_4.11.1/db/Ray2013_rbp_Homo_sapiens.dna_encoded.meme",
            "name": "Ray2013 rbp Homo sapiens.dna encoded",
            "loaded": 102,
            "excluded": 0,
            "last_modified": "Mon Dec  7 16:12:03 2015"
          }, {
            "source": "/home/yili/Programs/MEME/meme_4.11.1/db/Homo_sapiens.dna_encoded.meme",
            "name": "Homo sapiens.dna encoded",
            "loaded": 98,
            "excluded": 0,
            "last_modified": "Mon Dec  7 16:10:31 2015"
          }
        ],
        "queries": [
          {
            "db": 0,
            "id": "FILTER_LEN10_0",
            "len": 10,
            "nsites": 8498,
            "evalue": "1.0e-006",
            "pwm": [
              [0.0347415, 0.954617, 0.00827684, 0.00236491], 
              [0.91705, 0.00729986, 0.0354845, 0.0401655], 
              [0.0896309, 0.0266926, 0.62308, 0.260597], 
              [0.145276, 0.788868, 0.0487994, 0.0170577], 
              [0.0408645, 0.429209, 0.000205939, 0.529721], 
              [0.000277939, 0.00756685, 0.983559, 0.00859584], 
              [0.0306136, 0.236801, 0.0390595, 0.693526], 
              [0.0967528, 0.199451, 0.0108408, 0.692957], 
              [0.0540843, 0.189372, 0.274957, 0.481588], 
              [0.124173, 0.613714, 0.166269, 0.0958438]
            ]
          }, {
            "db": 0,
            "id": "FILTER_LEN10_1",
            "len": 10,
            "nsites": 13811,
            "evalue": "1.0e-006",
            "pwm": [
              [0.3365, 0.000794804, 0.00308679, 0.659618], 
              [0.000251808, 0.00879675, 0.975923, 0.0150287], 
              [0.0967991, 0.0637303, 0.653835, 0.185635], 
              [0.626443, 7.98096e-05, 0.000573806, 0.372904], 
              [0.0892922, 0.00417078, 0.748317, 0.15822], 
              [0.139189, 0.0010478, 0.810748, 0.0490155], 
              [0.681903, 0.0191897, 0.147407, 0.151501], 
              [0.276809, 0.0490865, 0.151831, 0.522274], 
              [0.149926, 0.101102, 0.0834812, 0.665491], 
              [0.00982874, 0.580886, 0.408904, 0.000381807]
            ]
          }, {
            "db": 0,
            "id": "FILTER_LEN10_10",
            "len": 10,
            "nsites": 14359,
            "evalue": "1.0e-006",
            "pwm": [
              [0.69576, 0.0299255, 0.0700773, 0.204237], 
              [0.13185, 0.764136, 0.0912991, 0.0127147], 
              [0.542289, 0.29984, 0.00363272, 0.154238], 
              [0.208505, 0.0366375, 0.754194, 0.000662736], 
              [0.00787969, 9.741e-06, 0.788523, 0.203586], 
              [0.893408, 1.3741e-05, 0.0302805, 0.0762982], 
              [0.427715, 0.00160573, 0.000407738, 0.570272], 
              [0.0154776, 7.77405e-05, 0.224436, 0.760008], 
              [0.0762352, 0.0058577, 0.494804, 0.423104], 
              [0.116957, 0.418475, 0.308256, 0.156312]
            ]
          }, {
            "db": 0,
            "id": "FILTER_LEN10_100",
            "len": 10,
            "nsites": 9044,
            "evalue": "1.0e-006",
            "pwm": [
              [0.149611, 0.593248, 0.0477822, 0.209358], 
              [0.380053, 0.544657, 0.0183136, 0.0569771], 
              [0.138012, 0.0301734, 0.0776669, 0.754146], 
              [0.0133536, 0.47801, 0.00145475, 0.507181], 
              [0.00683069, 0.426099, 0.558996, 0.00807567], 
              [0.0180216, 0.875467, 0.0134166, 0.0930947], 
              [0.33964, 0.452009, 0.208308, 4.37638e-05], 
              [2.87639e-05, 0.980516, 0.0193686, 8.67633e-05], 
              [0.482229, 0.0300154, 0.00040276, 0.487352], 
              [0.0801039, 0.242787, 0.0740839, 0.603025]
            ]
          }, {
            "db": 0,
            "id": "FILTER_LEN10_101",
            "len": 10,
            "nsites": 30692,
            "evalue": "1.0e-006",
            "pwm": [
              [0.139542, 0.00681279, 0.853532, 0.000111814], 
              [0.47067, 0.301302, 0.225306, 0.00272181], 
              [0.251686, 0.706749, 8.14542e-07, 0.0415647], 
              [0.205038, 0.20079, 0.0184778, 0.575694], 
              [0.000601813, 0.650606, 0.00985978, 0.338933], 
              [0.151915, 0.116243, 0.32151, 0.41033], 
              [0.398166, 0.0667296, 0.343749, 0.191355], 
              [0.702376, 0.191351, 0.103207, 0.0030648], 
              [6.18143e-05, 0.431495, 0.0444907, 0.523952], 
              [0.0312437, 0.699354, 0.000161814, 0.269241]
            ]
          }, {
            "db": 0,
            "id": "FILTER_LEN10_102",
            "len": 10,
            "nsites": 25964,
            "evalue": "1.0e-006",
            "pwm": [
              [0.118333, 0.0699937, 0.259732, 0.551942], 
              [0.962688, 0.0311758, 0.00535194, 0.00078396], 
              [0.0116889, 0.431407, 0.499709, 0.0571947], 
              [0.0107909, 9.62868e-07, 0.000451961, 0.988756], 
              [0.0837126, 4.59627e-05, 0.262882, 0.653359], 
              [0.0113269, 0.227685, 0.627838, 0.13315], 
              [0.0369228, 0.117525, 0.239028, 0.606525], 
              [0.679346, 0.0591597, 0.0404968, 0.220997], 
              [0.445376, 0.278466, 0.00244195, 0.273716], 
              [0.189204, 0.225758, 0.0874206, 0.497617]
            ]
          }, {
            "db": 0,
            "id": "FILTER_LEN10_103",
            "len": 10,
            "nsites": 18338,
            "evalue": "1.0e-006",
            "pwm": [
              [0.952074, 0.0180163, 0.0278102, 0.00210035], 
              [1.36328e-06, 0.521191, 0.477968, 0.000840359], 
              [2.63631e-05, 0.0423961, 0.00730432, 0.950274], 
              [0.117795, 0.0953608, 0.707746, 0.0790979], 
              [0.0867419, 0.0979018, 0.142232, 0.673124], 
              [0.643469, 0.065833, 0.101642, 0.189055], 
              [0.435543, 0.0927379, 0.0844529, 0.387265], 
              [0.243739, 0.382383, 0.000448361, 0.373429], 
              [0.680181, 0.0935339, 0.00603333, 0.220252], 
              [0.891804, 2.73631e-05, 0.0521801, 0.0559891]
            ]
          }, {
            "db": 0,
            "id": "FILTER_LEN10_104",
            "len": 10,
            "nsites": 25083,
            "evalue": "1.0e-006",
            "pwm": [
              [0.66334, 0.125161, 0.180592, 0.0309059], 
              [0.0392488, 0.252332, 0.0521358, 0.656284], 
              [0.544973, 0.127353, 0.326244, 0.00142999], 
              [0.00195799, 0.415137, 0.429548, 0.153356], 
              [0.0397148, 0.0971316, 1.99966e-05, 0.863133], 
              [0.659504, 0.0248229, 0.314616, 0.00105799], 
              [0.827611, 0.136247, 0.00106699, 0.0350749], 
              [0.377916, 0.0858647, 0.536212, 5.99667e-06], 
              [0.226139, 0.011098, 0.687761, 0.0750017], 
              [0.389745, 0.0155559, 0.375289, 0.21941]
            ]
          }, {
            "db": 0,
            "id": "FILTER_LEN10_105",
            "len": 10,
            "nsites": 25124,
            "evalue": "1.0e-006",
            "pwm": [
              [0.0868796, 0.531027, 0.371425, 0.010669], 
              [0.169609, 0.642141, 0.0535488, 0.1347], 
              [0.90235, 0.0470268, 6.39948e-05, 0.0505588], 
              [0.0121019, 0.0486058, 0.349138, 0.590155], 
              [0.0477398, 0.840508, 0.111612, 0.000140995], 
              [0.0565088, 0.192959, 0.00176199, 0.74877], 
              [0.146393, 0.640956, 9.95061e-07, 0.212649], 
              [0.010314, 0.702447, 0.0985176, 0.188721], 
              [0.0463498, 0.211252, 0.0125849, 0.729814], 
              [0.185864, 0.305752, 0.0546738, 0.45371]
            ]
          }, {
            "db": 0,
            "id": "FILTER_LEN10_106",
            "len": 10,
            "nsites": 13965,
            "evalue": "1.0e-006",
            "pwm": [
              [0.314235, 0.0459955, 0.577371, 0.0624003], 
              [0.0125907, 4.47899e-05, 0.0822392, 0.905124], 
              [0.400887, 0.00205978, 0.510391, 0.0866622], 
              [0.00971972, 0.00439876, 0.963549, 0.0223316], 
              [0.280873, 0.0219576, 0.427437, 0.269733], 
              [0.142886, 0.0214116, 0.0419495, 0.793754], 
              [0.457436, 0.338059, 0.198104, 0.00639974], 
              [1.79018e-06, 0.14927, 0.00154578, 0.849183], 
              [0.606859, 0.175844, 0.0578934, 0.159403], 
              [0.0555084, 0.438704, 0.352498, 0.15329]
            ]
          }, {
            "db": 0,
            "id": "FILTER_LEN10_107",
            "len": 10,
            "nsites": 31829,
            "evalue": "1.0e-006",
            "pwm": [
              [0.170279, 0.0463526, 0.620755, 0.162613], 
              [0.233516, 0.265523, 0.136326, 0.364634], 
              [0.394647, 0.210179, 0.351688, 0.0434866], 
              [0.00372477, 0.455814, 0.000946782, 0.539514], 
              [0.000697783, 0.00141978, 0.19805, 0.799832], 
              [0.00494277, 0.833541, 0.0118147, 0.1497], 
              [0.104629, 0.306919, 0.0284677, 0.559984], 
              [0.00826076, 0.147205, 0.792808, 0.0517256], 
              [0.646533, 0.0651096, 0.288279, 7.87852e-05], 
              [0.205976, 0.49988, 0.258039, 0.0361047]
            ]
          }, {
            "db": 0,
            "id": "FILTER_LEN10_108",
            "len": 10,
            "nsites": 9953,
            "evalue": "1.0e-006",
            "pwm": [
              [0.6678, 0.0567869, 0.110816, 0.164597], 
              [0.0012255, 0.390145, 2.51178e-06, 0.608627], 
              [0.69769, 0.00022551, 0.00908342, 0.293003], 
              [0.1535, 0.804052, 0.0146404, 0.0278072], 
              [0.333675, 0.621163, 0.0365171, 0.00864442], 
              [0.838519, 1.05117e-05, 0.15997, 0.0014995], 
              [0.13738, 0.0170333, 0.471165, 0.374422], 
              [0.301623, 0.498103, 0.00437747, 0.195897], 
              [0.00577645, 0.00319248, 0.0010855, 0.989947], 
              [0.0280972, 8.65109e-05, 0.971699, 0.000118511]
            ]
          }, {
            "db": 0,
            "id": "FILTER_LEN10_109",
            "len": 10,
            "nsites": 16249,
            "evalue": "1.0e-006",
            "pwm": [
              [0.990145, 1.53855e-06, 0.00985148, 1.53855e-06], 
              [0.433421, 0.266956, 0.0269114, 0.272713], 
              [0.36913, 0.394798, 0.228632, 0.00743949], 
              [0.143048, 1.53855e-06, 0.0219034, 0.835047], 
              [0.780964, 0.0142455, 0.204594, 0.000196537], 
              [0.0359793, 0.0108895, 0.0375143, 0.915617], 
              [0.525712, 0.363391, 0.107863, 0.00303352], 
              [0.124366, 0.0349213, 0.000181537, 0.84053], 
              [0.307161, 0.144823, 0.535452, 0.0125645], 
              [0.440285, 0.0224054, 0.159718, 0.377593]
            ]
          }, {
            "db": 0,
            "id": "FILTER_LEN10_11",
            "len": 10,
            "nsites": 27198,
            "evalue": "1.0e-006",
            "pwm": [
              [0.00141191, 0.0058179, 0.00177191, 0.990998], 
              [0.686407, 0.0113929, 0.0935786, 0.208621], 
              [0.352473, 0.0127439, 0.000266918, 0.634517], 
              [0.000373918, 0.115931, 0.00206391, 0.881631], 
              [0.267964, 0.000682917, 0.729605, 0.00174791], 
              [0.473041, 0.00671589, 0.00783789, 0.512405], 
              [0.462745, 0.000652917, 0.295322, 0.24128], 
              [0.193469, 0.570201, 0.176968, 0.0593617], 
              [0.131345, 0.145271, 0.0048569, 0.718527], 
              [0.0579727, 0.137411, 0.456492, 0.348124]
            ]
          }, {
            "db": 0,
            "id": "FILTER_LEN10_110",
            "len": 10,
            "nsites": 13116,
            "evalue": "1.0e-006",
            "pwm": [
              [0.267509, 0.141513, 0.0315267, 0.559452], 
              [0.112206, 0.265953, 0.0989902, 0.522851], 
              [0.0227507, 0.778466, 0.19851, 0.000272904], 
              [0.00518887, 1.90605e-06, 0.0010239, 0.993785], 
              [0.461866, 0.0235927, 0.342947, 0.171595], 
              [0.980516, 0.000606901, 0.00279188, 0.0160848], 
              [0.000461903, 0.272634, 0.55441, 0.172495], 
              [0.129882, 0.0284257, 0.0287757, 0.812917], 
              [0.000152905, 0.0569135, 0.00168189, 0.941253], 
              [0.0859793, 0.372941, 0.00388888, 0.537192]
            ]
          }, {
            "db": 0,
            "id": "FILTER_LEN10_111",
            "len": 10,
            "nsites": 22875,
            "evalue": "1.0e-006",
            "pwm": [
              [0.260031, 0.6287, 0.0424979, 0.0687698], 
              [0.348173, 5.20927e-05, 0.110702, 0.541074], 
              [0.793478, 0.00184308, 0.117462, 0.0872177], 
              [0.0454619, 0.00441207, 0.0941087, 0.856017], 
              [0.331027, 0.0425869, 0.022457, 0.603929], 
              [0.00741606, 0.103918, 0.322854, 0.565813], 
              [0.137762, 0.012979, 0.0531989, 0.796059], 
              [0.205769, 0.00067709, 0.00102209, 0.792532], 
              [0.767614, 0.0706028, 0.161676, 0.000107092], 
              [0.0809747, 0.028545, 0.458873, 0.431607]
            ]
          }, {
            "db": 0,
            "id": "FILTER_LEN10_112",
            "len": 10,
            "nsites": 23932,
            "evalue": "1.0e-006",
            "pwm": [
              [0.130458, 0.0529948, 0.261746, 0.554801], 
              [0.00179304, 0.0822217, 0.8158, 0.100186], 
              [0.283908, 5.04461e-06, 0.0635528, 0.652534], 
              [0.92331, 0.015435, 0.000590042, 0.0606648], 
              [0.695179, 0.272108, 0.021241, 0.011471], 
              [0.118338, 0.102357, 0.0410539, 0.738252], 
              [0.000105044, 0.0372969, 0.00126204, 0.961336], 
              [0.281622, 0.304706, 0.151452, 0.262219], 
              [1.04462e-06, 0.109316, 0.497412, 0.393271], 
              [0.285092, 0.256108, 1.00446e-05, 0.45879]
            ]
          }, {
            "db": 0,
            "id": "FILTER_LEN10_113",
            "len": 10,
            "nsites": 6693,
            "evalue": "1.0e-006",
            "pwm": [
              [0.15398, 0.484625, 0.0846995, 0.276695], 
              [0.316603, 0.417646, 0.00420067, 0.261551], 
              [0.623949, 0.137616, 0.235325, 0.00311069], 
              [0.00309869, 0.00559465, 0.00421667, 0.987091], 
              [0.659961, 0.332879, 3.73519e-06, 0.00715763], 
              [0.501722, 0.331063, 0.0328662, 0.134348], 
              [0.955163, 0.0116906, 0.0320643, 0.00108172], 
              [0.0271363, 0.00529066, 0.000581727, 0.966991], 
              [0.000166733, 0.995596, 3.73519e-06, 0.00423367], 
              [0.607986, 0.00301369, 9.17339e-05, 0.388909]
            ]
          }, {
            "db": 0,
            "id": "FILTER_LEN10_114",
            "len": 10,
            "nsites": 27486,
            "evalue": "1.0e-006",
            "pwm": [
              [0.874178, 0.0811856, 0.00788888, 0.0367478], 
              [0.0318168, 0.0013919, 0.114621, 0.85217], 
              [0.000108909, 0.00787488, 0.947437, 0.0445787], 
              [0.0872446, 0.614269, 0.295304, 0.0031829], 
              [0.660801, 0.214092, 0.0311068, 0.0940016], 
              [0.842911, 0.0948916, 0.000581907, 0.0616167], 
              [0.249349, 0.0381868, 0.108841, 0.603625], 
              [0.0472897, 0.0215158, 0.0495737, 0.881622], 
              [0.198514, 0.0252038, 0.0585827, 0.7177], 
              [0.145173, 0.27642, 0.0937406, 0.484665]
            ]
          }, {
            "db": 0,
            "id": "FILTER_LEN10_115",
            "len": 10,
            "nsites": 44802,
            "evalue": "1.0e-006",
            "pwm": [
              [0.584138, 0.0927604, 0.0170765, 0.306025], 
              [0.222929, 0.0234445, 0.0227325, 0.730894], 
              [0.458744, 0.00129756, 0.000633557, 0.539325], 
              [0.364954, 0.631815, 0.00323155, 5.5801e-07], 
              [1.6558e-05, 0.303856, 0.00906354, 0.687063], 
              [0.0564014, 0.0158105, 0.265686, 0.662101], 
              [0.292512, 0.0445015, 0.405048, 0.257939], 
              [0.672031, 0.000823556, 0.327139, 7.55799e-06], 
              [0.81387, 0.00559655, 0.180385, 0.000148558], 
              [0.556233, 0.188267, 0.0424415, 0.213058]
            ]
          }, {
            "db": 0,
            "id": "FILTER_LEN10_116",
            "len": 10,
            "nsites": 8621,
            "evalue": "1.0e-006",
            "pwm": [
              [0.0112048, 0.168255, 0.789071, 0.0314695], 
              [0.910252, 0.0134957, 0.0477323, 0.0285206], 
              [0.809845, 0.0542003, 0.13045, 0.00550484], 
              [0.989786, 0.000438895, 0.000950889, 0.0088238], 
              [7.7899e-05, 0.379, 0.403009, 0.217913], 
              [0.0217146, 0.56774, 0.410488, 5.68992e-05], 
              [0.145073, 0.0115048, 0.0251396, 0.818282], 
              [0.0400394, 0.0312645, 0.0530603, 0.875636], 
              [0.512002, 4.88993e-05, 0.00337586, 0.484573], 
              [0.0630582, 0.0655051, 0.0477313, 0.823705]
            ]
          }, {
            "db": 0,
            "id": "FILTER_LEN10_117",
            "len": 10,
            "nsites": 21826,
            "evalue": "1.0e-006",
            "pwm": [
              [0.150176, 0.424269, 0.313844, 0.111711], 
              [0.228233, 0.12748, 0.36729, 0.276996], 
              [0.000364144, 0.923721, 0.000372144, 0.0755438], 
              [0.00308913, 0.731461, 0.000715142, 0.264736], 
              [0.0796708, 0.410449, 9.14538e-06, 0.509871], 
              [0.259316, 0.198149, 0.0929487, 0.449586], 
              [0.0540959, 0.268604, 0.676911, 0.000389144], 
              [0.0673908, 0.000282144, 0.379498, 0.552829], 
              [0.232044, 0.0125011, 0.755375, 8.11451e-05], 
              [0.032092, 0.036291, 0.912421, 0.0191961]
            ]
          }, {
            "db": 0,
            "id": "FILTER_LEN10_118",
            "len": 10,
            "nsites": 13673,
            "evalue": "1.0e-006",
            "pwm": [
              [0.0929381, 0.215662, 0.64255, 0.0488495], 
              [0.149822, 0.000551824, 0.580008, 0.26962], 
              [0.238842, 0.506584, 0.0577774, 0.196796], 
              [0.000105828, 0.00147582, 1.82841e-06, 0.998417], 
              [0.0345126, 0.0158557, 0.945746, 0.0038858], 
              [0.899927, 0.0421545, 0.0139667, 0.0439515], 
              [0.0493135, 0.0103838, 0.928672, 0.0116307], 
              [0.506299, 0.0846392, 0.40906, 1.82841e-06], 
              [0.339924, 0.441077, 0.180107, 0.0388925], 
              [0.521659, 0.13666, 0.202731, 0.13895]
            ]
          }, {
            "db": 0,
            "id": "FILTER_LEN10_119",
            "len": 10,
            "nsites": 22877,
            "evalue": "1.0e-006",
            "pwm": [
              [0.346029, 0.165249, 0.196711, 0.292011], 
              [0.000414091, 4.09278e-06, 6.80925e-05, 0.999514], 
              [0.00477607, 0.755417, 0.00075309, 0.239053], 
              [0.244441, 0.000266092, 0.0342789, 0.721014], 
              [1.0928e-06, 0.0730128, 0.926985, 1.0928e-06], 
              [0.0910547, 0.435212, 0.111269, 0.362465], 
              [0.466425, 0.0522199, 0.218119, 0.263237], 
              [0.024334, 0.357781, 0.023412, 0.594474], 
              [0.488355, 0.160861, 0.338382, 0.012402], 
              [0.754897, 0.143985, 0.00779606, 0.0933217]
            ]
          }, {
            "db": 0,
            "id": "FILTER_LEN10_12",
            "len": 10,
            "nsites": 24582,
            "evalue": "1.0e-006",
            "pwm": [
              [0.298188, 0.154511, 0.542227, 0.005074], 
              [0.924077, 0.000255016, 0.0749337, 0.000735014], 
              [0.725464, 0.0545748, 0.209629, 0.010332], 
              [0.984763, 0.000218016, 0.015017, 1.017e-06], 
              [0.000473015, 0.591967, 0.011159, 0.396401], 
              [0.931991, 0.0237069, 0.000748014, 0.0435538], 
              [0.58702, 0.0184489, 0.153971, 0.240561], 
              [0.276389, 0.174796, 0.0786307, 0.470184], 
              [0.314544, 0.00138001, 0.177087, 0.506989], 
              [0.503294, 0.010518, 0.485998, 0.000190016]
            ]
          }, {
            "db": 0,
            "id": "FILTER_LEN10_120",
            "len": 10,
            "nsites": 10582,
            "evalue": "1.0e-006",
            "pwm": [
              [0.455667, 0.304488, 2.36248e-06, 0.239842], 
              [2.36248e-06, 0.396833, 0.56149, 0.041675], 
              [0.0491759, 0.00216534, 0.00026336, 0.948395], 
              [2.03623e-05, 0.00202934, 8.36242e-06, 0.997943], 
              [0.888285, 0.0793876, 0.0323251, 2.36248e-06], 
              [0.0821526, 0.459836, 0.389365, 0.0686477], 
              [0.774547, 0.175971, 0.03571, 0.0137722], 
              [0.152264, 0.0246651, 0.265255, 0.557817], 
              [0.0872415, 0.119976, 0.219646, 0.573136], 
              [0.00587131, 0.273977, 0.0287251, 0.691426]
            ]
          }, {
            "db": 0,
            "id": "FILTER_LEN10_121",
            "len": 10,
            "nsites": 12501,
            "evalue": "1.0e-006",
            "pwm": [
              [0.115559, 0.505465, 0.151703, 0.227272], 
              [0.0602245, 0.299122, 1.19997e-05, 0.640642], 
              [2.29997e-05, 0.0148479, 1.99982e-06, 0.985127], 
              [0.00676195, 0.543801, 0.445927, 0.00350897], 
              [0.7909, 0.00559696, 8.29992e-05, 0.20342], 
              [0.251398, 0.237823, 0.510777, 1.99982e-06], 
              [0.0771144, 0.0185039, 0.469615, 0.434767], 
              [0.731468, 0.116676, 0.0769014, 0.0749544], 
              [0.0139019, 0.453117, 0.524462, 0.00851893], 
              [1.99982e-06, 0.0366947, 0.244326, 0.718977]
            ]
          }, {
            "db": 0,
            "id": "FILTER_LEN10_122",
            "len": 10,
            "nsites": 4558,
            "evalue": "1.0e-006",
            "pwm": [
              [0.958734, 0.00149945, 0.0330078, 0.00675834], 
              [0.587934, 0.229793, 0.0460465, 0.136225], 
              [0.694969, 0.155205, 0.00234843, 0.147477], 
              [0.571245, 0.289242, 0.125852, 0.0136622], 
              [0.225564, 0.0587432, 0.0869566, 0.628737], 
              [0.00436939, 0.0332688, 0.962309, 5.14837e-05], 
              [0.92779, 0.0635261, 0.000330478, 0.0083533], 
              [0.0599512, 5.48474e-06, 0.940038, 5.48474e-06], 
              [5.48474e-06, 5.48474e-06, 0.28064, 0.719349], 
              [0.440464, 5.48474e-06, 0.474471, 0.0850596]
            ]
          }, {
            "db": 0,
            "id": "FILTER_LEN10_123",
            "len": 10,
            "nsites": 23622,
            "evalue": "1.0e-006",
            "pwm": [
              [0.304682, 0.425334, 0.113044, 0.15694], 
              [0.102032, 0.000124058, 0.01222, 0.885623], 
              [0.553784, 0.209527, 0.236436, 0.000253057], 
              [0.011522, 0.958988, 0.018958, 0.010531], 
              [0.0517198, 0.917019, 0.0296009, 0.00166005], 
              [0.0580818, 0.108967, 6.9058e-05, 0.832883], 
              [0.110081, 0.246594, 0.42583, 0.217495], 
              [0.172935, 0.370162, 0.00407604, 0.452827], 
              [0.386383, 0.017206, 0.244478, 0.351933], 
              [0.0670638, 0.178238, 3.10582e-05, 0.754667]
            ]
          }, {
            "db": 0,
            "id": "FILTER_LEN10_124",
            "len": 10,
            "nsites": 17606,
            "evalue": "1.0e-006",
            "pwm": [
              [0.765707, 0.076785, 0.154814, 0.0026954], 
              [0.207652, 0.0195323, 0.376787, 0.396028], 
              [0.438099, 0.169574, 0.386619, 0.00570739], 
              [0.557866, 0.13085, 0.117048, 0.194237], 
              [0.681914, 0.0140843, 0.29787, 0.00613339], 
              [0.0210863, 0.0331992, 0.869365, 0.076349], 
              [0.0383952, 1.41996e-06, 0.960677, 0.000926415], 
              [0.122514, 0.0994779, 0.0031204, 0.774888], 
              [0.669185, 0.183619, 3.34198e-05, 0.147162], 
              [0.0475641, 0.145812, 0.0155623, 0.791063]
            ]
          }, {
            "db": 0,
            "id": "FILTER_LEN10_125",
            "len": 10,
            "nsites": 6760,
            "evalue": "1.0e-006",
            "pwm": [
              [2.96978e-05, 0.00298665, 0.360467, 0.636515], 
              [0.309499, 0.110978, 0.549093, 0.0304302], 
              [0.657784, 6.46973e-05, 0.0745336, 0.267618], 
              [3.69817e-06, 0.000819686, 0.910957, 0.0882194], 
              [0.414705, 0.00126068, 0.576326, 0.00770858], 
              [0.306645, 0.199807, 0.488848, 0.00469863], 
              [0.111939, 0.152409, 0.168137, 0.567513], 
              [0.93806, 0.050247, 0.00216467, 0.00952856], 
              [3.69817e-06, 0.521428, 0.476268, 0.00230066], 
              [0.0969343, 0.049542, 0.000517691, 0.853007]
            ]
          }, {
            "db": 0,
            "id": "FILTER_LEN10_126",
            "len": 10,
            "nsites": 21661,
            "evalue": "1.0e-006",
            "pwm": [
              [0.533149, 0.222548, 0.244002, 0.000302153], 
              [4.41539e-05, 1.51541e-05, 0.000639151, 0.999303], 
              [0.0967817, 1.15414e-06, 0.903216, 1.15414e-06], 
              [0.00145515, 0.450123, 0.154738, 0.393682], 
              [0.400087, 0.328645, 0.21418, 0.0570889], 
              [0.0162541, 0.000590151, 0.0763338, 0.906822], 
              [0.624183, 0.160969, 1.15414e-06, 0.214846], 
              [0.715301, 0.0718738, 0.184792, 0.028033], 
              [0.27207, 0.146173, 0.295068, 0.286689], 
              [0.206713, 0.228832, 0.245565, 0.31889]
            ]
          }, {
            "db": 0,
            "id": "FILTER_LEN10_127",
            "len": 10,
            "nsites": 24584,
            "evalue": "1.0e-006",
            "pwm": [
              [0.619123, 0.18877, 0.0543168, 0.137789], 
              [0.407728, 0.535354, 0.0327209, 0.0241969], 
              [0.820906, 0.011734, 0.119781, 0.0475798], 
              [0.00828098, 0.204761, 0.223465, 0.563493], 
              [0.854583, 0.0783447, 0.0211659, 0.0459068], 
              [0.468607, 0.510423, 0.0209399, 3.10168e-05], 
              [0.648869, 0.30893, 4.90167e-05, 0.0421518], 
              [0.287862, 0.000309016, 1.10169e-05, 0.711819], 
              [0.016359, 0.801986, 1.01692e-06, 0.181653], 
              [0.654021, 0.30599, 0.000376015, 0.0396129]
            ]
          }, {
            "db": 0,
            "id": "FILTER_LEN10_128",
            "len": 10,
            "nsites": 21917,
            "evalue": "1.0e-006",
            "pwm": [
              [1.14066e-06, 0.206487, 0.03174, 0.761772], 
              [1.14066e-06, 0.617434, 0.000395139, 0.382169], 
              [0.450457, 0.000324139, 1.14066e-06, 0.549218], 
              [0.258924, 0.11258, 0.575218, 0.0532799], 
              [0.312584, 0.498987, 0.000361139, 0.188068], 
              [0.00137513, 0.942614, 0.00122514, 0.0547859], 
              [0.247253, 0.48741, 0.0532559, 0.21208], 
              [0.00305613, 0.0572149, 0.000452139, 0.939277], 
              [0.77389, 0.21495, 0.0111591, 1.14066e-06], 
              [0.00019214, 0.446775, 0.0892977, 0.463735]
            ]
          }, {
            "db": 0,
            "id": "FILTER_LEN10_129",
            "len": 10,
            "nsites": 10513,
            "evalue": "1.0e-006",
            "pwm": [
              [0.138942, 0.0712237, 0.240987, 0.548847], 
              [0.0780376, 0.310759, 0.53222, 0.0789826], 
              [0.00733431, 0.000714371, 0.000183376, 0.991769], 
              [0.0201702, 0.000342375, 0.978799, 0.000688371], 
              [0.667162, 2.53778e-05, 0.332329, 0.000482373], 
              [0.209291, 0.777341, 1.93778e-05, 0.0133483], 
              [0.778574, 0.15224, 0.0691577, 2.73777e-05], 
              [0.0137382, 0.00641932, 0.342978, 0.636864], 
              [0.0699787, 0.00436734, 0.387496, 0.538157], 
              [0.115263, 0.195472, 0.00207236, 0.687193]
            ]
          }, {
            "db": 0,
            "id": "FILTER_LEN10_13",
            "len": 10,
            "nsites": 20722,
            "evalue": "1.0e-006",
            "pwm": [
              [0.0611529, 0.26042, 0.368571, 0.309855], 
              [0.3451, 0.223093, 0.333034, 0.0987737], 
              [0.383331, 0.43661, 0.0153831, 0.164674], 
              [0.0231441, 0.92418, 0.036831, 0.0158451], 
              [0.914265, 0.0847948, 0.000739203, 0.000202205], 
              [0.478849, 0.000352205, 0.041782, 0.479018], 
              [0.556191, 0.210072, 0.183028, 0.050709], 
              [0.0979067, 0.791293, 0.101533, 0.00926616], 
              [0.0663279, 0.798209, 0.128653, 0.00681017], 
              [0.0829678, 0.461196, 0.216048, 0.239787]
            ]
          }, {
            "db": 0,
            "id": "FILTER_LEN10_130",
            "len": 10,
            "nsites": 6958,
            "evalue": "1.0e-006",
            "pwm": [
              [0.0492989, 0.484181, 0.203214, 0.263308], 
              [0.383135, 0.0296662, 0.040388, 0.546811], 
              [0.435562, 0.113985, 0.240165, 0.210289], 
              [0.640116, 0.103684, 0.1843, 0.0718996], 
              [0.993366, 3.59293e-06, 0.0066265, 3.59293e-06], 
              [0.952662, 3.59293e-06, 0.00102958, 0.0463049], 
              [0.970502, 0.0066765, 0.00765148, 0.0151704], 
              [0.980073, 3.59293e-06, 0.0199203, 3.59293e-06], 
              [0.999989, 3.59293e-06, 3.59293e-06, 3.59293e-06], 
              [0.993956, 0.000772582, 0.00526752, 3.59293e-06]
            ]
          }, {
            "db": 0,
            "id": "FILTER_LEN10_131",
            "len": 10,
            "nsites": 20671,
            "evalue": "1.0e-006",
            "pwm": [
              [0.895949, 0.0019862, 0.0954677, 0.00659818], 
              [0.553976, 0.000543207, 0.44548, 2.20941e-06], 
              [0.416775, 0.0710799, 0.483446, 0.0286991], 
              [0.038063, 0.607134, 0.0898818, 0.264921], 
              [0.598705, 0.0023792, 0.343696, 0.0552209], 
              [0.631508, 0.0025122, 0.211795, 0.154184], 
              [0.704367, 0.0656039, 0.173445, 0.0565839], 
              [0.000462207, 0.805885, 0.192494, 0.0011572], 
              [0.911553, 0.0714899, 0.00994416, 0.00701318], 
              [4.52092e-05, 0.440008, 0.280754, 0.279193]
            ]
          }, {
            "db": 0,
            "id": "FILTER_LEN10_132",
            "len": 10,
            "nsites": 21163,
            "evalue": "1.0e-006",
            "pwm": [
              [1.1813e-06, 0.826415, 0.173109, 0.000474179], 
              [0.889207, 0.0250551, 0.03316, 0.0525779], 
              [0.746491, 0.0719538, 0.0778258, 0.103731], 
              [0.298908, 0.281472, 0.00485716, 0.414763], 
              [0.281851, 0.119669, 0.411158, 0.187322], 
              [0.167349, 0.204873, 0.440132, 0.187645], 
              [0.268037, 0.226577, 0.243614, 0.261772], 
              [0.034367, 0.660788, 0.300792, 0.00405316], 
              [0.234588, 0.0644159, 0.269852, 0.431144], 
              [0.028154, 0.298799, 0.671541, 0.00150617]
            ]
          }, {
            "db": 0,
            "id": "FILTER_LEN10_133",
            "len": 10,
            "nsites": 24663,
            "evalue": "1.0e-006",
            "pwm": [
              [0.0693477, 0.0567818, 0.108959, 0.764912], 
              [0.0356139, 0.448088, 0.010226, 0.506073], 
              [0.466809, 0.0721777, 2.50136e-05, 0.460988], 
              [0.278934, 1.01366e-06, 1.01366e-06, 0.721064], 
              [0.429928, 0.549695, 0.00967897, 0.010698], 
              [0.0565098, 0.717709, 0.000263013, 0.225517], 
              [0.213066, 0.000265013, 0.154788, 0.63188], 
              [0.311253, 0.151676, 0.524067, 0.013004], 
              [6.10134e-05, 0.106541, 0.0228579, 0.87054], 
              [0.104261, 0.148104, 0.0268759, 0.72076]
            ]
          }, {
            "db": 0,
            "id": "FILTER_LEN10_134",
            "len": 10,
            "nsites": 26072,
            "evalue": "1.0e-006",
            "pwm": [
              [9.58879e-07, 0.847923, 0.0510998, 0.100977], 
              [0.674515, 9.58879e-07, 0.226883, 0.0986006], 
              [0.00122595, 0.0156369, 6.59586e-05, 0.983071], 
              [0.494227, 2.19588e-05, 0.440277, 0.0654737], 
              [0.0549847, 0.194343, 0.562054, 0.188618], 
              [0.304344, 0.0661367, 0.390872, 0.238646], 
              [0.382491, 0.113705, 0.318323, 0.185482], 
              [0.000516957, 0.359482, 0.496162, 0.143839], 
              [0.333674, 0.301068, 0.000555957, 0.364704], 
              [0.331611, 0.310617, 1.59588e-05, 0.357756]
            ]
          }, {
            "db": 0,
            "id": "FILTER_LEN10_135",
            "len": 10,
            "nsites": 16425,
            "evalue": "1.0e-006",
            "pwm": [
              [0.132313, 0.0280064, 0.52373, 0.315951], 
              [0.316181, 0.217783, 0.438368, 0.0276684], 
              [0.45045, 0.00278751, 0.00124451, 0.545519], 
              [0.790567, 2.15219e-05, 0.208021, 0.00139151], 
              [0.984268, 0.0031405, 0.00029652, 0.0122944], 
              [0.0034995, 0.0103355, 0.000923516, 0.985241], 
              [0.0231354, 0.093391, 0.883473, 1.52206e-06], 
              [0.768879, 0.000124521, 0.186301, 0.0446952], 
              [0.721104, 0.0467472, 0.217301, 0.0148474], 
              [0.151006, 0.118971, 0.17897, 0.551053]
            ]
          }, {
            "db": 0,
            "id": "FILTER_LEN10_136",
            "len": 10,
            "nsites": 17329,
            "evalue": "1.0e-006",
            "pwm": [
              [0.243028, 0.0128664, 0.670179, 0.073927], 
              [0.47825, 0.151179, 0.299492, 0.071081], 
              [0.398843, 0.554702, 0.00595141, 0.0405032], 
              [0.0962199, 0.872557, 1.24426e-05, 0.0312103], 
              [0.355256, 0.267207, 0.00642641, 0.371109], 
              [0.131858, 0.290391, 0.0148194, 0.562932], 
              [0.389885, 0.00347442, 0.130873, 0.475767], 
              [0.0101394, 0.989546, 6.24423e-05, 0.000253441], 
              [0.0118744, 7.74422e-05, 0.00296443, 0.985085], 
              [0.303916, 0.634963, 0.0195213, 0.0416002]
            ]
          }, {
            "db": 0,
            "id": "FILTER_LEN10_137",
            "len": 10,
            "nsites": 11280,
            "evalue": "1.0e-006",
            "pwm": [
              [0.562824, 0.00558517, 0.29577, 0.13582], 
              [0.0362529, 0.328474, 0.222327, 0.412947], 
              [0.178196, 0.0371629, 0.0512838, 0.733358], 
              [2.21629e-06, 2.21629e-06, 0.989436, 0.0105591], 
              [0.869872, 0.0885834, 0.00469217, 0.0368529], 
              [0.00824914, 0.020307, 0.528837, 0.442607], 
              [0.000332213, 0.0146571, 0.0104851, 0.974526], 
              [0.0133781, 0.395237, 0.0324989, 0.558885], 
              [0.709634, 2.21629e-06, 0.237184, 0.0531797], 
              [2.21629e-06, 0.153937, 0.111613, 0.734448]
            ]
          }, {
            "db": 0,
            "id": "FILTER_LEN10_138",
            "len": 10,
            "nsites": 21383,
            "evalue": "1.0e-006",
            "pwm": [
              [0.530737, 1.16915e-06, 0.239911, 0.229351], 
